1 -> 1
1 2 3 -> 2
1 2 3 4 5 -> 5 2 4 -> 2
1 2 3 4 5 6 7 -> 7 2 4 6 -> 2 6 -> 6
1 2 3 4 5 6 7 8 9 -> 9 2 4 6 8 -> 8 2 6 -> 2
1 2 3 4 5 6 7 8 9 10 11 -> 11 2 4 6 8 10 -> 2 6 10 -> 6
1 2 3 4 5 6 7 8 9 10 11 12 13 -> 13 2 4 6 8 10 12 -> 12 2 6 10 -> 2 10 -> 10
1 2 3 4 5 6 7 8 9 10 11 12 13 14 15 -> 15 2 4 6 8 10 12 14 -> 2 6 10 14 -> 6 14 -> 14
1 2 3 4 5 6 7 8 9 10 11 12 13 14 15 16 17 -> [] 2 ~ 16 (개수 9) -> [] 2 ~ 14 (개수 5) -> [] 2 ~ 10 (개수 3) -> 2
					-> 17 2 4 6 8 10 12 14 16 -> 16 2 6 10 14 -> 14 2 10 -> 2
1 2 3 4 5 6 7 8 9 10 11 12 13 14 15 16 17 18 19 -> [] 2 ~ 18 (개수 10) -> 2 ~ 18 (개수 5) -> 18 6 ~ 14 (개수 3) -> 6
1 ~ 21 -> 21 2 ~ 20 (개수 11) -> 20 2 ~ 18 (개수 6) -> 2 ~ 18 (개수 3) -> 10
1 ~ 23 -> 23 2 ~ 22 (개수 12) -> 2 ~ 22 (개수 6) -> 6 ~ 22 (개수 3) -> 14
1 ~ 25 -> 18
1 ~ 27 -> 22
1 ~ 29 -> 26
1 ~ 31 -> 30
1 ~ 33 -> 33 2 ~ 32 (개수 17) -> 32 2 ~ 30 (개수 9) -> 30 2 ~ 26 (개수 5) -> 26 2 ~ 18 (개수 3) -> 2



1 2 -> 2
1 2 3 4 -> 2 4 -> 4
1 2 3 4 5 6 -> 2 4 6 -> 4
1 ~ 8 -> 2 ~ 8 (개수 4) -> 4 ~ 8 (개수 2) -> 8
1 ~ 10 -> 2 ~ 10 (개수 5) -> 10 4 ~ 8 (개수 4) -> 4
1 ~ 12 -> 2 ~ 12 (개수 6) -> 4 ~ 12 (개수 3) -> 8
1 ~ 14 -> 2 ~ 14 (개수 7) -> 14 4 ~ 12 (개수 4) -> 12
1 ~ 16 -> 2 ~ 16 (개수 8) -> 4 ~ 16 (개수 4) -> 8 ~ 16 (개수 2) -> 16